%YAML:1.0

#--------------------------------------------------------------------------------------------
# Camera Parameters. Adjust them!
#--------------------------------------------------------------------------------------------
File.version: "1.0"

Camera.type: "KannalaBrandt8"

# Left Camera calibration and distortion parameters (OpenCV)
Camera1.fx: 286.209808349609
Camera1.fy: 286.291900634766
Camera1.cx: 429.882110595703
Camera1.cy: 413.309387207031
Camera1.k1: -0.00804748013615608
Camera1.k2: 0.0467508397996426
Camera1.k3: -0.0436887294054031
Camera1.k4: 0.00814379286020994

# Right Camera calibration and distortion parameters (OpenCV)
Camera2.fx: 286.449005126953
Camera2.fy: 286.439605712891
Camera2.cx: 422.782196044922
Camera2.cy: 400.777099609375
Camera2.k1: -0.00792319420725107
Camera2.k2: 0.0461581982672215
Camera2.k3: -0.0427870601415634
Camera2.k4: 0.00779190007597208
    
# Transformation matrix from right camera to left camera
Stereo.T_c1_c2: !!opencv-matrix
  rows: 4
  cols: 4
  dt: f
  data: [ 0.999984, -0.000158582, 0.00564153, 0.0640170276165009,
          0.000174092, 0.999996, -0.00274903, 0.000165992445545271,
         -0.00564107, 0.00274997, 0.99998, -0.000284622219623998,
          0.0, 0.0, 0.0, 1.0 ]

# Overlapping area between images (to be updated)
Camera1.overlappingBegin: 0
Camera1.overlappingEnd: 848
Camera2.overlappingBegin: 0
Camera2.overlappingEnd: 848

# Camera resolution
Camera.width: 848
Camera.height: 800

# Camera frames per second 
Camera.fps: 30

# Color order of the images (0: BGR, 1: RGB. It is ignored if images are grayscale)
Camera.RGB: 1

# Close/Far threshold. Baseline times.
Stereo.ThDepth: 40.0

#--------------------------------------------------------------------------------------------
# IMU Parameters
#--------------------------------------------------------------------------------------------

# Transformation from body-frame (imu) to left camera
IMU.T_b_c1: !!opencv-matrix
  rows: 4
  cols: 4
  dt: f
  data: [ -0.99997, -0.000537454, 0.00776839, 0.0107000079005957,
          0.000566975, -0.999993, 0.00379845, 0,
          0.00776629, 0.00380274, 0.999963, -5.82076609134674e-11,
          0.0, 0.0, 0.0, 1.0 ]

# Do not insert KFs when recently lost
IMU.InsertKFsWhenLost: 1

# IMU noise
IMU.NoiseGyro: 0.002268585  # sqrt(0.000005148030141), rad/s
IMU.NoiseAcc: 0.008180587   # sqrt(0.000066952452471), m/s^2
IMU.GyroWalk: 0.000000499999999  # rad/s^2
IMU.AccWalk: 0.000099999997474   # m/s^2
IMU.Frequency: 200.0

#--------------------------------------------------------------------------------------------
# ORB Parameters
#--------------------------------------------------------------------------------------------

# ORB Extractor: Number of features per image
ORBextractor.nFeatures: 1250 # Tested with 1250

# ORB Extractor: Scale factor between levels in the scale pyramid 	
ORBextractor.scaleFactor: 1.2

# ORB Extractor: Number of levels in the scale pyramid	
ORBextractor.nLevels: 8

# ORB Extractor: Fast threshold
# Image is divided in a grid. At each cell FAST are extracted imposing a minimum response.
# Firstly we impose iniThFAST. If no corners are detected we impose a lower value minThFAST
# You can lower these values if your images have low contrast			
ORBextractor.iniThFAST: 12
ORBextractor.minThFAST: 5

#--------------------------------------------------------------------------------------------
# Viewer Parameters
#--------------------------------------------------------------------------------------------
Viewer.KeyFrameSize: 0.05
Viewer.KeyFrameLineWidth: 1.0
Viewer.GraphLineWidth: 0.9
Viewer.PointSize: 2.0
Viewer.CameraSize: 0.08
Viewer.CameraLineWidth: 3.0
Viewer.ViewpointX: 0.0
Viewer.ViewpointY: -0.7
Viewer.ViewpointZ: -3.5
Viewer.ViewpointF: 500.0
Viewer.imageViewScale: 2.0
